R = 8.31446261815324,
err_ρ = 0.006105 %,
err_s = 0.002780 %,
err_η = 10.580822 %,
err_exp = 9.672573 %

R = 8.31446261815324,
err_ρ = 0.006105 %,
err_s = 0.002780 %,
err_η = 10.580822 %,
err_exp = 9.672573 %

